3  4  4  5

5

4

16  18  20 35

40

1    1    6     0    10
2    2    12    0    8  
2    3    9     2    1      (1,5)  ,  (6,2)
3    4    7     0    7      
3    5    18    1    6      (1,5)  
3    6    4     0    22     
4    7    13    2    16     (2,4)  ,  (9,5)
4    8    11    1    15     (4,9)   
5    9    16    2    32     (1,5)  ,  (10,5)
5    10   15    1    33     (3,7)   
5    11   7     0    42     
6    12   9     1    1      (6,2)
6    13   5     0    6      
6    14   11    2    11     (1,5)  ,  (10,5)
7    15   15    2    12     (3,7)  ,  (10,3) 
8    16   4     0    13     
9    17   8     1    17     (6,2) 
13   18   6     0    42     
13   19   8     1    30     (6,2)
13   20   5     0    6      
17   21   13    2    11     (1,5)  ,  (10,5)
18   22   5     0    8      
18   23   17    2    3      (1,5)  ,  (10,5)
22   24   15    2    12     (3,7)  ,  (10,3) 
22   25   2     0    42     
28   26   8     1    30     (2,4)
28   27   8     1    43     (3,5)
28   28   9     1    12     (4,7)
28   29   7     2    45     (5,4)  ,  (5,4)
37   30   9     1    18     (2,4)
37   31   8     1    11     (1,5)
55   32   13    2    4      (2,8)  ,  (5,10)			     	     
55   33   12    5    5      (1,7)  ,  (3,13)   ,  (4,2)   ,  (6,5)   ,  (7,10)
55   34   18    4    9      (3,3)  ,  (5,12)   ,  (7,5)   ,  (9,3)   
55   35   5     0    12     	   	  		      		     	        
55   36   14    3    7      (2,7)  ,  (4,13)   ,  (5,2)   
55   37   16    1    4      (6,3)   
68   38   22    2    3      (15,8) ,  (20,10)     		     	        
68   39   9     1    4      (7,3) 
68   40   39    2    1      (13,7) ,  (28,3) 

2    5
13   4
22   6
32   24