   TT       PID      AT       CT       IO_D      WT        RT       TRT      DL
   6        1        1        6        0         0         1        6       10
   6        6        3        4        0         0         3        4       22
   9        4        3        7        0         0         3        7       15
   9       43        6        3        0         3         0        4       30
  11       41        5        4        0         3         7        7       30
  12       16        8        4        0         1         8        5       22
  12       11        5        7        0         1         5        8       42
  13        2        2       12        0         0         2       12       20
  13       42        6        7        0         8        12        8       40
  13       45       12        6        0         1         0        2       80
  13       44       11        2        0         2         0        3       40
  17       13        6        5        0         7         6       12       40
  18       20       13        5        0         1        13        6       36
  23       22       18        5        0         1        18        6       33
  26       25       22        2        0         3        22        5       42
  28       47       15       14        0         0        15       14      120
  28       48       15       13        0        13         0       14      240
  28       49       16       12        0        12         0       13      240
  29       46       15       15        0         0        15       15       60
  29       51       20        9        0         9         0       10      120
  29       18       13        6        0        11        13       17       42
  30        5        3       18        5         5         3       28       30
  30       50       19       11        0        11         0       12       60
  38       53       36        2        0         1        37        3       48
  38       52       32        7        0         0        32        7       24
  42        8        4       11        9        19         4       39       15
  55       10        5       15        7        29         5       51       33
  55       12        6        9        2        39         6       50       36
  60       35       55        5        0         1        55        6       65
  61        3        2        9        7        44         2       60       20
  66       19       13        8        2        44        13       54       30
  76       17        9        8        2        58         9       68       19
  80       54       70        6        0         5        75       11      214
  80       60       76        4        0         4         0        5      428
  80       61       77        3        0         3         0        4      428
  85       55       71        5        0        10        81       15      214
  85       62       81        4        0         4         0        5      428
  93       26       28        8        4        54        28       66       30
 105       27       28        8        5        65        28       78       43
 110        7        4       13        9        85         4      107       16
 116       57       72       34        0        11        83       45      210
 116       64       84       32        0        32         0       33      420
 116       66       88       28        0        28         0       29      420
 119       28       28        9        7        76        28       92       12
 120       56       71       35        0        15        86       50      210
 120       67       91       29        0        29         0       30      420
 120       68       92       28        0        28         0       29      420
 120       29       28        7        8        78        28       93       45
 127       69      118       10        0         0       118       10      864
 127       70      118        9        0         9         0       10     1728
 127       71      119        8        0         8         0        9     1728
 128       65       84       12        0        33       117       45      432
 128       72      121        7        0         7         0        8      864
 130       58       73       16        0        42        81       58      216
 130       63       82       14        0        48         0       49      432
 131       31       37        8        5        82        37       95       11
 133       59       76       13        0        45       121       58      216
 133       73      122       11        0        11         0       12      432
 133       74      123       10        0        13       131       11      432
 133       75      133        7        0         0         0        1      864
 137       30       37        9        4        88        37      101       18
 144        9        5       16       10       114         5      140       32
 172       14        6       11       10       146         6      167       33
 185       37       55       16        3       112        55      131      106
 187       39       68        9        3       108        68      120      107
 188       23       18       17       10       144        18      171       60
 194       24       22       15       10       148        22      173       34
 215       15        7       15       10       184         7      209       32
 219       21       17       13       10       180        17      203       11
 251       32       55       13       18       166        55      197       36
 281       38       68       22       18       174        68      214      108
 294       40       68       39       10       178        68      227      105
 298       36       55       14       22       208        55      244       65
 314       34       55       18       23       219        55      260       65
 321       33       55       12       37       218        55      267       65
Processes :75
Avg WT = 47.1867,      Avg RT = 25.9467,      Avg TRT = 59.1733
Megration % = 138.667       RTF = 85.3333 %        MaxW = 53.3333 %
Work Steal % = 2.66667%
Forked Process :46.6667%
Killed Process :29.3333%

Processors :16 [ 3 FCSF 4 SJF 4 RR 5 EDF] 
Processors Load
P1 = 2.00541 %,      P2 = 2.09554 %,      P3 = 1.28436 %,      P4 = 3.01938 %,      P5 = 1.28436 %,      P6 = 0.630915 %,      P7 = 0.721045 %,      P8 = 0.428121 %,      P9 = 0 %,      P10 = 0.112663 %,      P11 = 0 %,      P12 = 0 %,      P13 = 0 %,      P14 = 0 %,      P15 = 0 %,      P16 = 0 % 

Processors Utiliz
P1 = 27.7259 %,      P2 = 28.972 %,      P3 = 17.757 %,      P4 = 41.7445 %,      P5 = 17.757 %,      P6 = 8.72274 %,      P7 = 9.96885 %,      P8 = 5.919 %,      P9 = 0 %,      P10 = 1.55763 %,      P11 = 0 %,      P12 = 0 %,      P13 = 0 %,      P14 = 0 %,      P15 = 0 %,      P16 = 0 %
Avg utilization = 10.0078 % 
EDF persentage = 61.3333 % 
