   TT       PID      AT       CT       IO_D      WT        RT       TRT      DL
   4       51        1        4        0         0         1        4       30
   4       52        1        3        0         3         0        4       60
   4       53        2        2        0         2         0        3       60
   5        1        1        5        0         0         1        5       15
   9        6        3        5        0         2         3        7       19
  13       11        3        5        0         6         5       11       22
  13       54        5        4        0         8         0        9       44
  13       26        9        5        0         0         9        5       35
  20       55       12        9        0         0        12        9       84
  20       56       12        8        0         8         0        9      168
  20       57       13        7        0         7         0        8      168
  21       19        5       10        0         7        12       17       42
  21       58       14        7        0         7         0        8       84
  21        9        3       10        0         9         3       19       20
  23       16        5        5        0        14         5       19       31
  26       31       13        5        0         9        13       14       30
  26       36       17        5        0         5        21       10       40
  31       14        4       10        0        18         7       28       12
  31       59       22        9        0         9         0       10       24
  31       60       24        7        0         7         0        8       24
  31       21        6        5        0        21         6       26       42
  41       63       33        6        0         3        36        9      130
  41       65       37        4        0         4         0        5      260
  41       66       38        3        0         3         0        4      260
  45       68       45        1        0         0        45        1      260
  46       64       34        5        0         8        42       13      130
  46       67       42        4        0         4         0        5      260
  49       15        4        9        2        35        46       46       19
  52       10        3        9        2        39         6       50       20
  55       69       48        8        0         0        48        8       64
  55       71       52        3        0         3         0        4      128
  55       72       54        1        0         1         0        2      128
  56       61       25       10        0        22        47       32       32
  56       70       51        5        0         5         0        6       64
  58       29       13       10        0        36        13       46       42
  64       73       57        8        0         0        57        8       64
  64       75       62        2        0         2         0        3      128
  65       62       26        9        0        31        57       40       32
  65       74       60        5        0         5         0        6       64
  87        4        2       10        0        76         2       86       17
  91       24        6       10        0        76         6       86       13
  96        3        2       15       10        70         2       95       16
  99       30       13        9        2        76        28       87       30
 102       43       28        9        2        64        28       75       30
 104       40       22        9        2        72        22       83       30
 106        7        3       20       10        74         3      104       19
 114       39       22       10        0        83        22       93       42
 116       34       17       10        0        90        21      100       65
 117       35       17        9        2        90        31      101       65
 120       45       28        9        2        82        28       93       30
 123       42       28        9        2        85        28       96       30
 125       50       37        9        2        78        37       89       30
 136       49       37        9        2        89        37      100       30
 140        2        2       20        0       119         2      139       16
 142       48       37        9        2        95        37      106       30
 145        5        2        9        2       133         2      144       19
 148       41       28        9        2       110        28      121       30
 148       47       37        9        2       101        43      112       30
 151       25        9        9        2       132         9      143       17
 160       44       28        9        2       122        28      133       30
 164       22        6       20       10       129         6      159       11
 177       46       37        9        2       130        37      141       30
 181       27        9       20       10       143        14      173       40
 183        8        3       15       10       156         3      181       20
 184       20        6        9        2       168         6      179       40
 190       23        6       15       10       160         6      185       12
 202       28        9       15       10       169         9      194       12
 213       17        5       20       10       179         5      209       32
 225       37       17       20       10       179        34      209       60
 230       33       17       15       10       189        33      214       65
 235       38       22       15       10       189        22      214       12
 235       32       17       20       10       189        32      219       60
 236       12        4       20       10       203         4      233       16
 242       18        5       15       10       213         5      238       33
 243       13        4       15       10       215         4      240       15
Processes :75
Avg WT = 64.9467,      Avg RT = 15.4533,      Avg TRT = 75.9333
Megration % = 234.667       RTF = 162.667 %        MaxW = 72 %
Work Steal % = 30.6667%
Forked Process :33.3333%
Killed Process :21.3333%

Processors :8 [ 2 FCSF 2 SJF 2 RR 2 EDF] 
Processors Load
P1 = 0.965759 %,      P2 = 0.684811 %,      P3 = 2.82704 %,      P4 = 2.63389 %,      P5 = 0.421422 %,      P6 = 0.0526778 %,      P7 = 0.632133 %,      P8 = 0.825285 % 

Processors Utiliz
P1 = 22.6337 %,      P2 = 16.0494 %,      P3 = 66.2551 %,      P4 = 61.7284 %,      P5 = 9.87654 %,      P6 = 1.23457 %,      P7 = 14.8148 %,      P8 = 19.3416 %
Avg utilization = 26.4918 % 
EDF persentage = 37.3333 % 
