   TT       PID      AT       CT       IO_D      WT        RT       TRT      DL
   5       41        1        5        0         0         1        5       20
   5       43        2        3        0         3         0        4       40
   6        1        1        6        0         0         1        6       10
   6       42        2        4        0         4         0        5       20
   7        6        4        4        0         0         4        4       22
   8        4        2        7        0         0         2        7       15
  11       13        6        5        0         1         6        6       67
  13        2        2       12        0         0         2       12       20
  14       11        5        7        0         3         5       10       30
  15       16        8        4        0         4         8        8       19
  16       44        7        7        0         3        10       10      132
  16       46       11        5        0         5         0        6      264
  19       45       11        6        0         3        14        9       40
  19       47       18        1        0         1         0        2       80
  19       20       13        5        0         2        13        7       46
  22       22       18        5        0         0        18        5       25
  24       25       22        2        0         1        22        3       65
  25       18       13        6        0         7        13       13       25
  28        5        2       18        5         4         2       27       30
  35       51       32        4        0         0         0        4      240
  35       54       34        1        0         1         0        2      480
  36       48       28        7        0         2        30        9      120
  36       50       30        6        0         6         0        7      240
  37       12        6        9        2        21         6       32       66
  38       49       28        8        0         3        31       11      170
  38       52       33        5        0         7        36        6      340
  38       53       34        4        0         4         0        5      340
  40       17        9        8        2        22        10       32       20
  45       56       38        7        0         1        39        8      320
  45       58       40        5        0         5         0        6      640
  45       57       39        6        0         1        40        7      320
  45       55       37        8        0         1        38        9      160
  45       19       13        8        2        23        13       33       30
  53        3        2        9        7        36         2       52       16
  59       35       55        5        0         0        55        5       70
  70        8        4       11        9        47         4       67       20
  74       26       28        8        4        35        28       47       60
  79       60       71        5        0         4        75        9      160
  84       27       28        8        5        44        28       57       60
  89       59       68       21        0         1        69       22      200
  89       61       72       17        0        26        80       18      400
  89       64       87        9        0         2         0        3      800
  89       62       74       15        0        15         0       16      400
  92       28       28        9        7        49        28       65       85
  93       66       91        3        0         0        91        3      800
  93       67       92        1        0         1         0        2     1600
  94       65       90        4        0         1        91        5      400
  94       63       77       12        0         6        83       18      200
 116       29       28        7        8        74        28       89       85
 123       10        5       15        7        97         5      119       33
 126       30       37        9        4        77        37       90       80
 132       31       37        8        5        83        37       96       80
 137        9        5       16       10       107         5      133       32
 140       15        7       15       10       109         7      134       25
 144       21       17       13       10       105        17      128       45
 171       23       18       17       10       127        18      154       60
 189       39       68        9        3       110        68      122       80
 193       37       55       16        6       117        55      139       80
 204       14        6       11       10       178         6      199       40
 220        7        4       13        9       195         4      217       16
 226       24       22       15       10       180        22      205       60
 253       32       55       13       18       168        55      199       75
 289       38       68       22       18       182        68      222      100
 289       40       68       39       10       173        68      222      150
 302       36       55       14       22       212        55      248       70
 318       34       55       18       23       223        55      264       85
 326       33       55       12       37       223        55      272       70
Processes :67
Avg WT = 46.9403,      Avg RT = 24.8209,      Avg TRT = 59.1194
Megration % = 171.642       RTF = 104.478 %        MaxW = 67.1642 %
Work Steal % = 11.9403%
Forked Process :40.2985%
Killed Process :19.403%

Processors :13 [ 3 FCSF 3 SJF 4 RR 3 EDF] 
Processors Load
P1 = 1.36329 %,      P2 = 1.46428 %,      P3 = 1.36329 %,      P4 = 3.58495 %,      P5 = 2.09543 %,      P6 = 1.18657 %,      P7 = 0.0504923 %,      P8 = 0.252461 %,      P9 = 0 %,      P10 = 0 %,      P11 = 0 %,      P12 = 0 %,      P13 = 0 % 

Processors Utiliz
P1 = 16.5644 %,      P2 = 17.7914 %,      P3 = 16.5644 %,      P4 = 43.5583 %,      P5 = 25.4601 %,      P6 = 14.4172 %,      P7 = 0.613497 %,      P8 = 3.06748 %,      P9 = 0 %,      P10 = 0 %,      P11 = 0 %,      P12 = 0 %,      P13 = 0 %
Avg utilization = 10.6182 % 
EDF persentage = 59.7015 % 
