   TT       PID      AT       CT       IO_D      WT        RT       TRT      DL
   5       41        1        5        0         0         1        5       20
   5       42        3        2        0         2         0        3       40
   6        1        1        6        0         0         1        6       10
   6        6        3        4        0         0         3        4       22
   9        4        3        7        0         0         3        7        7
  11       13        6        5        0         1         6        6        6
  12       16        8        4        0         1         8        5       13
  13        2        2       12        0         0         2       12        8
  13       43        3       10        0        17         7       11       16
  13       45        7        9        0         6         0        7       32
  13       46        8        8        0         5         0        6       32
  13       44        4        9        0        10         6       10       16
  17       47       14        4        0         0        14        4       84
  18       18       13        6        0         0        13        6       42
  18       48       16        2        0         2         0        3       84
  18       11        5        7        0         7         5       14       42
  22       22       18        5        0         0        18        5        8
  22       50       18        4        0         4         0        5       16
  22       52       19        3        0         3         0        4       16
  23       20       13        5        0         6        13       11        6
  25       25       22        2        0         2        22        4       42
  30        5        3       18        5         5         3       28        6
  30       49       18       12        0        23        19       13       12
  30       54       28        2        0         2         0        3       24
  30       56       29        1        0         1         0        2       24
  30       51       19       11        0        18        23       12       12
  30       53       27        6        0         3         0        4       24
  30       55       28        5        0         2         0        3       24
  42        8        4       11        9        19         4       39       15
  44       58       37        7        0         1        38        8       72
  44       61       40        4        0         4         0        5      144
  44       57       37        8        0         0        37        8       36
  45       59       39        5        0         2        40        7      144
  45       62       41        3        0         4         0        5      288
  45       63       42        2        0         3         0        4      288
  49       64       46        4        0         0         0        4      144
  49       12        6        9        2        33         6       44        1
  50       65       49        1        0         1        50        2      144
  50       60       39        5        0         7        46       12       72
  54       10        5       15        7        28         5       50       33
  59       35       55        5        0         0        55        5       12
  59       17        9        8        2        41         9       51       17
  62       19       13        8        2        40        13       50       30
  77        3        2        9        7        60         2       76        1
  90       67       68        8        0        15        83       23        8
  90       74       83        7        0         7         0        8       16
  90       75       84        6        0         6         0        7       16
  95       66       68       21        0         7        75       28        6
  95       72       75       20        0        20         0       21       12
  95       73       78       17        0        17         0       18       12
  96       70       73       16        0         8        81       24        6
  96       76       85       11        0        11         0       12       12
  96       77       87        9        0         9         0       10       12
  98        7        4       13        9        73         4       95       16
  99       71       73        3        0        24        97       27        8
 105       26       28        8        4        66        28       78       30
 110       27       28        8        5        70        28       83       43
 118       28       28        9        7        75        28       91       12
 125        9        5       16       10        95         5      121       32
 126       29       28        7        8        84        28       99       45
 128       68       68       38        0        23        91       61        2
 128       78       91       37        0        58       100       38        4
 128       82      101       35        0        27         0       28        8
 128       83      102       34        0        26         0       27        8
 128       79       93       35        0        35         0       36        4
 130       69       71       35        0        25        96       60        2
 130       80       99       31        0        31         0       32        4
 130       81      100       30        0        32       129       31        4
 138       31       37        8        5        89        37      102       11
 143       30       37        9        4        94        37      107       18
 178       15        7       15       10       147         7      172       12
 179       37       55       16        3       106        55      125        4
 179       39       68        9        3       100        68      112        4
 190       23       18       17       10       146        18      173        3
 198       14        6       11       10       172         6      193       11
 215       24       22       15       10       169        22      194       12
 221       21       17       13       10       182        17      205       11
 249       32       55       13       18       164        55      195        4
 283       40       68       39       10       167        68      216        1
 285       38       68       22       18       178        68      218        3
 298       36       55       14       22       208        55      244        7
 314       34       55       18       23       219        55      260        9
 321       33       55       12       37       218        55      267        5
Processes :83
Avg WT = 42.9639,      Avg RT = 23.7108,      Avg TRT = 53.1807
Megration % = 97.5904       RTF = 56.6265 %        MaxW = 40.9639 %
Work Steal % = 0%
Forked Process :51.8072%
Killed Process :34.9398%

Processors :16 [ 3 FCSF 4 SJF 4 RR 5 EDF] 
Processors Load
P1 = 2.12959 %,      P2 = 2.06162 %,      P3 = 1.971 %,      P4 = 3.44359 %,      P5 = 1.22338 %,      P6 = 0.634345 %,      P7 = 0.453104 %,      P8 = 0.430449 %,      P9 = 0 %,      P10 = 0 %,      P11 = 0 %,      P12 = 0 %,      P13 = 0 %,      P14 = 0 %,      P15 = 0 %,      P16 = 0 % 

Processors Utiliz
P1 = 29.2835 %,      P2 = 28.3489 %,      P3 = 27.1028 %,      P4 = 47.352 %,      P5 = 16.8224 %,      P6 = 8.72274 %,      P7 = 6.23053 %,      P8 = 5.919 %,      P9 = 0 %,      P10 = 0 %,      P11 = 0 %,      P12 = 0 %,      P13 = 0 %,      P14 = 0 %,      P15 = 0 %,      P16 = 0 %
Avg utilization = 10.6114 % 
EDF persentage = 26.506 % 
