   TT       PID      AT       CT       IO_D      WT        RT       TRT      DL
   6        1        1        6        0         0         1        6       26
   6       51        2        4        0         4         0        5       52
   9        6        3        5        0         2         3        7       19
  11        4        2       10        0         0         2       10       17
  11       55        4        7        0         7         0        8       34
  11       59        7        4        0         4         0        5       34
  13       53        2        9        0         3         5       12       32
  13       56        5        8        0         8         0        9       64
  13       57        6        7        0         7         0        8       64
  13       26        9        5        0         0         9        5       35
  13       14        4       10        0         0         4       10       12
  14       21        6        5        0         4         6        9       42
  15        9        3       10        0         3         3       13       20
  17       31       13        5        0         0         0        5       30
  19       16        5        5        0        10         5       15       31
  21        2        2       20        0         0         2       20       16
  21       52        2       19        0        34         7       20       32
  21       58        7       18        0        14         0       15       64
  21       60       10       15        0        18        14       12       64
  21       61       14       14        0         7         0        8      128
  21       62       15       13        0         6         0        7      128
  21       54        4       17        0        26        12       18       32
  21       63       19        9        0         2         0        3       64
  21       19        5       10        0         7         5       17       42
  22       29       13       10        0         0        13       10       42
  24       11        4        5        0        16         4       21       22
  27       36       17        5        0         6        20       11       40
  29       64       22        8        0         0        22        8       60
  29       65       22        7        0         7         0        8      120
  29       68       23        6        0        11        25        7      120
  29       70       25        5        0         4         0        5      240
  29       71       26        4        0         3         0        4      240
  31       39       22       10        0         0        22       10       42
  31       66       23        8        0         8         0        9       84
  31       69       24        7        0         9        30        8       84
  31       74       31        5        0         0         0        1      168
  33       75       31        2        0         1        32        3      240
  33       76       32        1        0         1        33        2      240
  33       73       30        4        0         0        30        4      120
  33       34       17       10        0         7        22       17       65
  34       67       23        7        0         5        28       12       60
  34       72       29        5        0         5         0        6      120
  44       24        6       10        0        29        14       39       13
  54        5        2       12        2        39         2       53       19
  83       79       39       43        0         2        41       45       60
  83       83       41       42        0        42         0       43      120
  83       84       42       41        0        41         0       42      120
 114       80       39       74        0         2        41       76      114
 114       88       46       68        0        68         0       69      228
 114       89       47       67        0        67         0       68      228
 117       78       38       75        0         5        43       80      114
 117       85       43       74        0        74         0       75      228
 117       86       44       73        0        75       115       74      228
 117       40       22        9       10        77        22       96       30
 119       77       38       77        0         5        43       82       96
 119       87       45       74        0        74         0       75      192
 119       90       48       71        0        71         0       72      192
 127       81       40       44        0        44        84       88       56
 127       91       85       42        0        53       117       43      112
 127       97      124       34        0         3         0        4      224
 127       98      126       32        0         1         0        2      224
 127       92       86       41        0        41         0       42      112
 158       94      120       39        0         0       120       39      120
 158       95      120       38        0        38         0       39      240
 158       96      123       35        0        35         0       36      240
 159       82       40       42        0        78       118      120       60
 159       93      119       40        0        71       128       41      120
 159       99      129       38        0        59       130       31      240
 159      100      132       35        0        27         0       28      480
 159      102      136       31        0        23         0       24      480
 159      101      134       33        0        25         0       26      240
 173       20        6        9        2       157         6      168       40
 194       44       28       46       34        87        28      167       36
 195       45       28       27       16       125       167      168       28
 262       43       28       35       55       145        28      235       46
 277       35       17        9        2       250        17      261       65
 280       15        4        9        2       266         4      277       19
 283       30       13        9        2       260        13      271       30
 294       42       28       25       44       198        28      267       29
 412       48       37       79       39       258        37      376       48
 492       49       38       76       82       297        38      455       57
 564       46       37       48       38       442        37      528       28
 574        3        2       10       10       553         2      573       16
 575       25        9        9        2       556         9      567       17
 575       10        4        9        2       561         4      572       20
 587       13        4       15       10       559         4      584       15
 595       50       40       99       72       385        40      556       25
 597       17        5       20       10       563         5      593       32
 613       47       37       46       49       482        37      577       30
 618       41       28       16       13       562        28      591       16
 623       22        6       20       10       588         6      618       11
 623       18        5       15       10       594         5      619       33
 628       23        6       15       10       598        62      623       12
 637       12        4       20       10       604         4      634       16
 649        7        3       20       10       617         3      647       19
 654       28        9       15       10       621        16      646       12
 655       32       17       20       10       609        17      639       60
 658       27        9       20       10       620        14      650       40
 663       33       17       15       10       622        17      647       65
 668       38       22       15       10       622        22      647       12
 671       37       17       20       10       625        21      655       60
 673        8        3       15       10       646         3      671       20
Processes :102
Avg WT = 151.863,      Avg RT = 20.5784,      Avg TRT = 170.853
Megration % = 105.882       RTF = 63.7255 %        MaxW = 42.1569 %
Work Steal % = 9.80392%
Forked Process :50.9804%
Killed Process :38.2353%

Processors :12 [ 4 FCSF 2 SJF 2 RR 4 EDF] 
Processors Load
P1 = 0.860733 %,      P2 = 0.843519 %,      P3 = 0.83778 %,      P4 = 0.83778 %,      P5 = 1.40586 %,      P6 = 0.964021 %,      P7 = 1.14764 %,      P8 = 0.648419 %,      P9 = 0.114764 %,      P10 = 0.0803351 %,      P11 = 0.177885 %,      P12 = 0.0803351 % 

Processors Utiliz
P1 = 22.2883 %,      P2 = 21.8425 %,      P3 = 21.6939 %,      P4 = 21.6939 %,      P5 = 36.4042 %,      P6 = 24.9629 %,      P7 = 29.7177 %,      P8 = 16.7905 %,      P9 = 2.97177 %,      P10 = 2.08024 %,      P11 = 4.60624 %,      P12 = 2.08024 %
Avg utilization = 17.261 % 
EDF persentage = 53.9216 % 
